100
4 58801
1 01
6 9762468
3 0845
3 0001
6 0000001
6 1044093
6 2257539
4 20051
6 3573091
6 8000001
6 0050001
6 0070011
6 8707091
6 2080501
4 00021
6 9000001
5 202022
1 81
2 221
6 0900001
6 1000001
6 2122002
6 9709838
5 000001
6 4001071
3 0261
1 11
5 110011
3 8201
3 1111
6 0110221
6 7672571
6 1221121
0 1
1 91
6 1022002
6 2683932
6 0010011
1 81
6 9000001
2 011
3 0001
6 4860905
4 11111
4 80521
5 001001
1 18
6 7564541
6 0000101
6 6787984
6 0009806
6 0000001
6 7918691
6 0000001
2 121
2 068
6 7705001
6 8000001
6 5532625
6 5000001
6 0009001
5 856889
6 0020001
6 0000901
1 01
6 8400001
6 1211222
3 1001
6 1111111
6 2004001
6 9999999
4 12121
6 0220222
6 0000001
0 5
5 121211
6 0000001
6 0000001
6 2012121
3 8849
5 845253
6 9000801
4 00201
6 5070001
5 200601
6 7000001
1 09
6 6616338
6 0000001
6 0040016
6 0000601
3 9001
6 1210211
6 2160239
2 701
6 8000001
6 0000413
3 1121
4 00021
