100
5 300117
6 0000051
6 2102011
6 0000021
6 1111111
2 207
2 501
5 057001
6 0002001
6 0703901
6 0002031
2 001
2 121
6 2011221
5 400081
6 0000002
6 0050041
0 2
6 1718841
1 11
6 8000604
2 001
5 309001
6 0070071
2 746
6 1112111
6 0221021
6 3222264
6 9578082
4 00001
6 2520308
6 2100201
4 63469
6 5460339
6 4170398
2 111
6 8417105
6 6475552
3 6001
4 00001
6 0606501
6 9800831
6 0005061
4 10221
6 0000041
6 2020501
3 7001
4 33031
0 1
6 2020121
6 2090801
6 1844447
6 1211121
4 11111
3 2011
5 110011
2 541
6 2120021
6 0010001
6 0000001
6 7009001
3 0001
6 3005001
1 01
6 8197915
6 8195733
6 3070008
6 5096001
3 0001
6 2101401
6 0220201
1 01
1 01
6 7006081
4 71849
6 8204538
1 09
6 0008001
6 0001112
6 0007006
0 1
6 0307001
2 579
2 001
6 0000001
6 6664168
4 00051
6 0006001
4 99821
3 2395
6 2222021
6 0800601
2 944
6 8000001
2 238
6 9999999
6 2012111
3 3001
4 11111
6 4606401
