100
496.96462 1.12693 1917.34049
492.99292 1.44373 1918.33445
493.63504 1.36126 1976.65733
491.95652 1.32411 1929.62901
493.80870 1.39527 1949.48132
54.1 2.680 2000.0
95.63970 2.22366 1419.55502
453.0 3.0 809.0
384.63778 2.26447 441.75254
44.0 2.0 1035.0
492.93299 1.37783 1994.51611
500.0 1.24 56.49
117.78980 2.22333 139.26556
493.56317 1.34554 1988.79323
450.56385 2.92241 899.14609
417.80166 2.44520 1599.69219
490.29588 1.37870 1979.99794
329.00000 2.00000 344.00000
35.4 3.42 1.000
472.98993 1.50065 62.25682
56.27717 2.18518 138.21558
444.00000 3.00000 472.00000
498.04932 1.14721 1964.76983
52.0 1.0 858.0
140.86756 1.13241 45.63805
1.04352 3.20887 1999.24158
1.0000 2.8 224.169
90.81754 1.28291 1674.83656
71.0 3.0 1210.0
493.66286 1.34689 1981.69758
210.0 2.033 122.80
491.77828 2.54316 738.49
492.47285 1.38878 1963.17609
467.9 2.17 1852.0
366.82974 3.48152 1580.23398
111.20550 3.32730 1524.96949
491.67382 1.34596 1999.37708
493.69886 1.10034 1914.96650
17.89 3.63 883.0
18.0 2.0 1417.0
493.06143 1.41319 1995.80569
353.00000 2.00000 706.00000
497.89809 1.27903 1969.87322
67.83727 4.0 1487.1
492.14611 1.42132 1956.17144
496.28049 1.31605 1912.35194
318.0 4.0 52.0
1.02218 3.34088 1999.42449
81.95507 1.17376 853.32164
366.85219 1.26238 1767.97516
49.0 4.0 821.0
490.61711 1.10915 1941.68764
25.9 1.0 726.40
273.00000 1.00000 275.00000
1.86668 3.76143 2.93938
82.00000 2.00000 164.00000
377.8042 1.92 1652.2290
385.0 2.0 555.0
346.20297 1.76589 1012.68464
313.0 3.0 899.0
282.00000 4.00000 326.00000
493.46298 1.11064 1905.63282
497.65760 1.17861 1992.36302
490.33921 1.05607 1911.10271
481.18089 3.93927 948.05054
250.67347 2.941 1997.5
493.06942 1.38085 1912.07579
12.00000 2.00000 24.00000
431.8696 1.16250 1436.134
493.97321 1.25894 1932.49077
492.80039 1.30216 1951.41984
494.57406 1.09014 1984.17081
1.02738 3.10855 1999.96917
279.13311 1.45416 174.55552
493.18869 1.38285 1992.35635
493.17317 1.28457 1941.24470
19.0 2.67842 1423.0
405.80531 2.40102 302.82195
145.82686 2.71219 1905.10789
320.05001 3.23319 27.83387
392.20511 1.34265 357.41416
56.0 3.0 829.0
57.0 4.0 1336.0
427.4 1.3 827.7486
107.0 3.539 140.0
497.36038 1.29043 1982.28640
492.69377 1.42965 1966.39711
1.09647 3.03396 1999.47795
497.01569 1.43029 1935.00911
270.00000 2.00000 540.00000
491.04796 1.36484 1910.44931
477.4964 1.16342 676.8
447.0 3.0 1693.0
497.94110 1.11721 1943.40864
193.9 1.0 27.36697
494.95014 1.48949 1915.97741
491.71348 1.37762 1963.51120
492.19006 1.30298 1965.13675
67.0 1.0 1900.0
367.318 1.0000 1232.69649
